m 11181.

11111.81,101.11111111111111111 111111111111111111 1111-
1111111111111111111, 11111 111111111111 111111111111111111.

¹ 111111. 11111111.1,1,2,11.11111111111,1111111111[11111. cie.
111 11111111, 1111111 11111111 1111111111,“1111111, 1111111111 on-
tunnam 11 1111111111. 9111111. 8, 1, 28. 11111 11111 111 1111
’11111 1111111111.

’,1111.’1’1111.1,1,1.11111 1111 111111111111111111, 11151 μ-
qm. 111 Q. 1111. 1, l. 1111111 sm 11111, 11111 1111111 11111111

“ fieri, 111 1111111111 11111111 11111111. 1111. 12, 88,1. ,11, 118.
1111111111111111111111 1111111111 111111 11111 111111111 11111 11111-
111111.4.111111-1111. 811111. caea 50. 1111131111·
111·- 1111. ·

11111111111111111111 11111111 1111111. 8, 1& 11111

. -1111111-,1111 11111111111111111111111 111111 111.1, 1411 11
1111111111,01111.’1“1111.1,11, 35. 1111 1111111111, 111111,111
,de ragione propinqua 111 1111 11111111 111111 1111111 11111.
Quinul.5,11.115. 1111 111111 parte 11111 11111 1111111 11 111-
11111111111, 111. 11111111 1111 11111 11111111 11111111- 11311111
111.1111,111.11111111.8 11111111111111111111111 1111 1111ς11111
purificatione 1111111111 1111111111 1111 11111111111.1’1111.11111.

11. 18, 1), 11. 1111111111 111111 1111 1111111111,11111111151111111 1111

·- 11111 11111111. 11, 111, 35, 11. 1111111111 longo 1111111111

’ 1111, 11111111 m 11111 11111111111111113111 111. 81111111. cm·
11

12 111111 111· 11111111111111111111, 1111 11111 1111111111 1111111-

· 111111111111111111 11111111 11111111. 511. 11111111 1111111111111111111·
111 11111 11111111111111111111111111111111111111111.1111111111,
1,]11.1111111,1111111111 1111111511111111111,111οηὶ111111 1111111
11111111111111. 4, 13, 8. 1111 fleu-ing. cf. nupta 1158. 8111111.
(111Ιὶ3. 11111111 Claudium 1111111111 mm 11111111 ludibrium 11·
11111111. Aug. 11. 13. claudian. 11. (111. 81. 1111111 1111111111 11111-
1111111111, 11111 11111 11111111 1111111111 ponere 1111111. 11111111.
1111111111. 1111111111111111 111111 11111 11111 11111τί11111· 111·
111111 1111111111 texerunt.

1111 11111 111111111119,18,5.111111111111111111,111111111
111111111111111111,111111111111111611111111111,1111111111 regno 111
1111111111. 1111111111 1111 11111 1111111111 potent.

81111111. 0111.41.11111 11111111 inserto 1111111111 ptr ,4111111111
1111111111, 1111 1111 11111 apertos aggredi proelio. 1111. ue 11111
1111111111 11111111 111 dimicatum 11111111111 [111111 1116111

’1111111111 11111111 11111- 11111 cie. 11 Fun. 1, l 1. 1111--
1111 111,111111111,1“11111 1111111111111111111111111.1118111811.
1111 11111111, 1111 1111111111 1111111, 1111111111. 0111. B. 111. 1,

 

